0.000000000000000000e+00 3.659136593000000270e-01 9.852100000000000787e-03
1.000000000000000000e+00 3.755776592999999774e-01 9.797000000000000153e-03
2.000000000000000000e+00 3.852466593000000161e-01 9.744100000000000331e-03
3.000000000000000000e+00 3.949196593000000033e-01 9.693500000000000727e-03
4.000000000000000000e+00 4.045966592999999945e-01 9.645100000000000201e-03
5.000000000000000000e+00 4.142786593000000184e-01 9.598999999999999894e-03
6.000000000000000000e+00 4.239646592999999908e-01 9.555199999999999805e-03
7.000000000000000000e+00 4.336546593000000227e-01 9.513600000000000528e-03
8.000000000000000000e+00 4.433496592999999764e-01 9.474299999999999736e-03
9.000000000000000000e+00 4.530496593000000183e-01 9.437299999999999162e-03
1.000000000000000000e+01 4.627526592999999799e-01 9.402499999999999400e-03
1.100000000000000000e+01 4.724606592999999743e-01 9.369999999999999857e-03
1.200000000000000000e+01 4.821736593000000015e-01 9.339699999999999391e-03
1.300000000000000000e+01 4.918906592999999772e-01 9.311699999999999144e-03
1.400000000000000000e+01 5.016116592999999568e-01 9.285899999999999710e-03
1.500000000000000000e+01 5.113376592999999692e-01 9.262400000000000494e-03
1.600000000000000000e+01 5.210676592999999857e-01 9.241199999999999762e-03
1.700000000000000000e+01 5.308016593000000061e-01 9.222199999999999842e-03
1.800000000000000000e+01 5.405406592999999482e-01 9.205500000000000141e-03
1.900000000000000000e+01 5.502836593000000054e-01 9.191100000000000658e-03
2.000000000000000000e+01 5.600316592999999843e-01 9.178900000000000253e-03
2.100000000000000000e+01 5.697836592999999672e-01 9.168900000000000661e-03
2.200000000000000000e+01 5.795396592999999541e-01 9.161300000000000693e-03
2.300000000000000000e+01 5.893006592999999738e-01 9.155899999999999803e-03
2.400000000000000000e+01 5.990656592999999974e-01 9.152699999999999725e-03
2.500000000000000000e+01 6.088356593000000538e-01 9.151799999999999866e-03
2.600000000000000000e+01 6.186086592999999745e-01 9.153200000000000225e-03
2.700000000000000000e+01 6.283876592999999566e-01 9.156799999999999662e-03
2.800000000000000000e+01 6.381696593000000250e-01 9.162699999999999317e-03
2.900000000000000000e+01 6.479576593000000440e-01 9.170799999999999785e-03
3.000000000000000000e+01 6.577486593000000381e-01 9.181299999999999878e-03
3.100000000000000000e+01 6.675446592999999540e-01 9.193899999999999642e-03
3.200000000000000000e+01 6.554756592999999576e-01 9.908500000000000640e-03
3.300000000000000000e+01 6.652826592999999678e-01 9.848700000000000163e-03
3.400000000000000000e+01 6.750846592999999451e-01 9.798700000000000465e-03
3.500000000000000000e+01 6.848816593000000008e-01 9.758499999999999813e-03
3.600000000000000000e+01 6.946726592999999950e-01 9.728000000000000536e-03
3.700000000000000000e+01 7.044596592999999851e-01 9.707300000000000303e-03
3.800000000000000000e+01 7.142406593000000248e-01 9.696400000000000852e-03
3.900000000000000000e+01 7.240166593000000317e-01 9.695199999999999305e-03
4.000000000000000000e+01 7.337866592999999771e-01 9.703800000000000273e-03
4.100000000000000000e+01 7.435526593000000295e-01 9.722200000000000286e-03
4.200000000000000000e+01 7.533126593000000204e-01 9.750299999999999939e-03
4.300000000000000000e+01 7.630676592999999786e-01 9.788299999999999779e-03
4.400000000000000000e+01 7.728166592999999862e-01 9.835899999999999851e-03
4.500000000000000000e+01 7.825616592999999899e-01 9.893400000000000111e-03
4.600000000000000000e+01 7.923006593000000430e-01 9.960600000000000009e-03
4.700000000000000000e+01 8.020356592999999812e-01 1.003749999999999955e-02
4.800000000000000000e+01 8.117646592999999688e-01 1.012429999999999927e-02
4.900000000000000000e+01 8.214876593000000060e-01 1.022080000000000037e-02
5.000000000000000000e+01 8.312066593000000392e-01 1.032710000000000052e-02
5.100000000000000000e+01 8.409196593000000108e-01 1.044310000000000030e-02
5.200000000000000000e+01 8.506276592999999497e-01 1.056890000000000086e-02
5.300000000000000000e+01 8.603306592999999669e-01 1.070450000000000047e-02
5.400000000000000000e+01 8.700286592999999513e-01 1.084979999999999972e-02
5.500000000000000000e+01 8.797206592999999852e-01 1.100489999999999975e-02
5.600000000000000000e+01 8.894076592999999864e-01 1.116980000000000056e-02
5.700000000000000000e+01 8.990906592999999836e-01 1.134439999999999928e-02
5.800000000000000000e+01 9.087666593000000015e-01 1.152880000000000051e-02
5.900000000000000000e+01 9.184386593000000154e-01 1.172300000000000078e-02
6.000000000000000000e+01 9.281046592999999678e-01 1.192700000000000010e-02
6.100000000000000000e+01 9.377666593000000272e-01 1.078149999999999942e-02
6.200000000000000000e+01 9.474226593000000252e-01 9.761799999999999297e-03
6.300000000000000000e+01 9.570726592999999616e-01 9.760100000000000720e-03
6.400000000000000000e+01 9.667186593000000050e-01 9.759300000000000266e-03
6.500000000000000000e+01 9.763586592999999869e-01 9.759600000000000219e-03
6.600000000000000000e+01 9.859946592999999648e-01 9.760800000000000032e-03
6.700000000000000000e+01 9.956246592999999923e-01 9.763100000000000250e-03
6.800000000000000000e+01 1.005253659300000102e+00 9.766399999999999734e-03
6.900000000000000000e+01 1.014863659299999998e+00 9.770600000000000812e-03
7.000000000000000000e+01 1.024483659299999960e+00 9.775900000000000561e-03
7.100000000000000000e+01 1.034093659300000079e+00 9.782199999999999576e-03
7.200000000000000000e+01 1.043693659299999910e+00 9.789400000000000185e-03
7.300000000000000000e+01 1.053293659299999963e+00 9.797699999999999465e-03
7.400000000000000000e+01 1.062883659299999950e+00 9.806999999999999745e-03
7.500000000000000000e+01 1.072473659299999937e+00 9.817199999999999885e-03
7.600000000000000000e+01 1.082063659299999925e+00 9.828500000000000431e-03
7.700000000000000000e+01 1.091633659300000003e+00 9.840800000000000242e-03
7.800000000000000000e+01 1.101213659299999925e+00 9.853999999999999912e-03
7.900000000000000000e+01 1.110773659299999938e+00 9.868299999999999988e-03
8.000000000000000000e+01 1.120343659300000017e+00 9.883599999999999330e-03
8.100000000000000000e+01 1.129893659299999964e+00 9.899800000000000266e-03
8.200000000000000000e+01 1.139443659299999911e+00 9.917099999999999874e-03
8.300000000000000000e+01 1.148993659300000081e+00 9.935400000000000481e-03
8.400000000000000000e+01 1.158533659299999963e+00 9.954599999999999213e-03
8.500000000000000000e+01 1.168073659300000067e+00 9.974900000000000086e-03
8.600000000000000000e+01 1.177603659300000105e+00 9.996200000000000224e-03
8.700000000000000000e+01 1.187133659299999922e+00 1.001840000000000022e-02
8.800000000000000000e+01 1.196653659299999894e+00 1.004170000000000063e-02
8.900000000000000000e+01 1.206163659300000024e+00 1.006600000000000029e-02
9.000000000000000000e+01 1.215673659299999931e+00 1.009129999999999923e-02
9.100000000000000000e+01 1.225183659300000061e+00 1.011749999999999976e-02
9.200000000000000000e+01 1.234683659299999903e+00 1.014480000000000069e-02
9.300000000000000000e+01 1.244173659299999901e+00 1.017309999999999916e-02
9.400000000000000000e+01 1.253663659299999900e+00 1.020240000000000036e-02
9.500000000000000000e+01 1.263143659300000055e+00 1.023259999999999968e-02
9.600000000000000000e+01 1.253353659300000089e+00 1.083830000000000036e-02
9.700000000000000000e+01 1.263333659299999967e+00 1.083270000000000066e-02
9.800000000000000000e+01 1.273303659300000001e+00 1.082720000000000037e-02
9.900000000000000000e+01 1.283273659300000036e+00 1.082190000000000062e-02
1.000000000000000000e+02 1.293243659300000070e+00 1.081670000000000027e-02
1.010000000000000000e+02 1.303213659300000105e+00 1.081159999999999934e-02
1.020000000000000000e+02 1.313193659299999982e+00 1.080670000000000068e-02
1.030000000000000000e+02 1.323163659300000017e+00 1.080200000000000084e-02
1.040000000000000000e+02 1.333133659300000051e+00 1.079729999999999926e-02
1.050000000000000000e+02 1.343103659300000086e+00 1.079279999999999996e-02
1.060000000000000000e+02 1.353073659299999898e+00 1.078849999999999948e-02
1.070000000000000000e+02 1.363043659299999932e+00 1.078420000000000073e-02
1.080000000000000000e+02 1.373013659299999967e+00 1.078020000000000020e-02
1.090000000000000000e+02 1.382983659300000001e+00 1.077619999999999967e-02
1.100000000000000000e+02 1.392953659300000036e+00 1.077239999999999968e-02
1.110000000000000000e+02 1.402923659300000070e+00 1.076870000000000084e-02
1.120000000000000000e+02 1.412893659300000104e+00 1.076520000000000081e-02
1.130000000000000000e+02 1.422863659299999917e+00 1.076180000000000019e-02
1.140000000000000000e+02 1.432833659299999951e+00 1.075850000000000070e-02
1.150000000000000000e+02 1.442793659299999920e+00 1.075540000000000003e-02
1.160000000000000000e+02 1.452763659299999954e+00 1.075240000000000050e-02
1.170000000000000000e+02 1.462733659299999989e+00 1.074959999999999978e-02
1.180000000000000000e+02 1.472703659300000023e+00 1.074690000000000020e-02
1.190000000000000000e+02 1.482663659299999992e+00 1.074430000000000003e-02
1.200000000000000000e+02 1.492633659300000026e+00 1.074190000000000041e-02
1.210000000000000000e+02 1.502603659300000061e+00 1.073960000000000019e-02
1.220000000000000000e+02 1.512573659300000095e+00 1.073739999999999938e-02
1.230000000000000000e+02 1.522533659300000064e+00 1.073540000000000084e-02
1.240000000000000000e+02 1.532503659300000098e+00 1.073349999999999999e-02
1.250000000000000000e+02 1.542463659300000067e+00 1.073170000000000027e-02
1.260000000000000000e+02 1.552433659300000102e+00 1.073009999999999936e-02
1.270000000000000000e+02 1.562403659299999914e+00 1.072870000000000074e-02
1.280000000000000000e+02 1.572363659300000105e+00 1.072730000000000038e-02
1.290000000000000000e+02 1.582333659299999917e+00 1.072610000000000056e-02
1.300000000000000000e+02 1.592293659300000108e+00 1.072509999999999956e-02
1.310000000000000000e+02 1.602263659299999921e+00 1.072410000000000030e-02
1.320000000000000000e+02 1.612223659299999889e+00 1.072339999999999925e-02
1.330000000000000000e+02 1.622183659300000080e+00 1.072269999999999994e-02
1.340000000000000000e+02 1.632153659299999893e+00 1.072219999999999944e-02
1.350000000000000000e+02 1.642113659300000084e+00 1.072180000000000008e-02
1.360000000000000000e+02 1.652073659300000052e+00 1.072159999999999953e-02
1.370000000000000000e+02 1.662043659300000087e+00 1.072150000000000013e-02
1.380000000000000000e+02 1.672003659300000056e+00 1.072150000000000013e-02
1.390000000000000000e+02 1.681963659300000025e+00 1.072170000000000067e-02
1.400000000000000000e+02 1.691933659300000059e+00 1.072200000000000063e-02
1.410000000000000000e+02 1.701893659300000028e+00 1.072249999999999939e-02
1.420000000000000000e+02 1.711853659299999997e+00 1.072309999999999930e-02
1.430000000000000000e+02 1.721813659299999966e+00 1.072380000000000035e-02
1.440000000000000000e+02 1.731773659299999935e+00 1.072460000000000080e-02
1.450000000000000000e+02 1.741733659299999903e+00 1.072560000000000006e-02
1.460000000000000000e+02 1.751693659300000094e+00 1.072679999999999988e-02
1.470000000000000000e+02 1.761663659299999907e+00 1.072810000000000083e-02
1.480000000000000000e+02 1.771623659300000098e+00 1.072949999999999945e-02
1.490000000000000000e+02 1.781583659300000066e+00 1.073099999999999922e-02
1.500000000000000000e+02 1.791543659300000035e+00 1.073269999999999953e-02
1.510000000000000000e+02 1.801503659300000004e+00 1.073449999999999925e-02
1.520000000000000000e+02 1.811453659299999908e+00 1.073649999999999952e-02
1.530000000000000000e+02 1.821413659300000099e+00 1.073859999999999919e-02
1.540000000000000000e+02 1.831373659300000067e+00 1.074089999999999941e-02
1.550000000000000000e+02 1.841333659300000036e+00 1.074319999999999962e-02
1.560000000000000000e+02 1.851293659300000005e+00 1.074570000000000039e-02
1.570000000000000000e+02 1.861253659299999974e+00 1.074839999999999997e-02
1.580000000000000000e+02 1.871213659299999943e+00 1.075120000000000069e-02
1.590000000000000000e+02 1.872363659299999927e+00 1.075410000000000081e-02
1.600000000000000000e+02 1.866843659299999958e+00 1.116660000000000048e-02
1.610000000000000000e+02 1.876913659299999981e+00 1.115790000000000011e-02
1.620000000000000000e+02 1.886963659300000096e+00 1.114889999999999978e-02
1.630000000000000000e+02 1.897023659300000054e+00 1.113959999999999950e-02
1.640000000000000000e+02 1.907083659300000011e+00 1.112989999999999986e-02
1.650000000000000000e+02 1.917133659299999904e+00 1.111990000000000027e-02
1.660000000000000000e+02 1.927183659300000018e+00 1.110960000000000072e-02
1.670000000000000000e+02 1.937233659299999911e+00 1.109899999999999949e-02
1.680000000000000000e+02 1.947273659299999959e+00 1.108810000000000004e-02
1.690000000000000000e+02 1.957313659300000008e+00 1.107690000000000063e-02
1.700000000000000000e+02 1.967363659299999901e+00 1.106530000000000014e-02
1.710000000000000000e+02 1.977393659300000106e+00 1.105339999999999968e-02
1.720000000000000000e+02 1.987433659299999933e+00 1.104130000000000042e-02
1.730000000000000000e+02 1.997463659299999916e+00 1.102870000000000066e-02
1.740000000000000000e+02 2.007503659300000187e+00 1.101590000000000034e-02
1.750000000000000000e+02 2.017523659300000105e+00 1.100280000000000008e-02
1.760000000000000000e+02 2.027553659300000088e+00 1.098930000000000046e-02
1.770000000000000000e+02 2.037583659300000072e+00 1.097560000000000029e-02
1.780000000000000000e+02 2.047603659299999990e+00 1.096150000000000076e-02
1.790000000000000000e+02 2.057623659299999908e+00 1.094709999999999954e-02
1.800000000000000000e+02 2.067643659299999825e+00 1.093230000000000070e-02
1.810000000000000000e+02 2.077653659300000122e+00 1.091729999999999957e-02
1.820000000000000000e+02 2.087663659299999974e+00 1.090190000000000083e-02
1.830000000000000000e+02 2.097683659299999892e+00 1.088629999999999980e-02
1.840000000000000000e+02 2.107683659300000123e+00 1.087029999999999941e-02
1.850000000000000000e+02 2.117693659299999975e+00 1.085400000000000080e-02
1.860000000000000000e+02 2.127693659300000206e+00 1.083729999999999936e-02
1.870000000000000000e+02 2.137703659300000059e+00 1.082040000000000085e-02
1.880000000000000000e+02 2.147693659299999780e+00 1.080309999999999951e-02
1.890000000000000000e+02 2.157693659300000011e+00 1.078559999999999935e-02
1.900000000000000000e+02 2.167693659299999798e+00 1.076769999999999984e-02
1.910000000000000000e+02 2.177683659299999963e+00 1.074939999999999923e-02
1.920000000000000000e+02 2.187673659300000129e+00 1.073089999999999981e-02
1.930000000000000000e+02 2.197663659299999850e+00 1.071210000000000044e-02
1.940000000000000000e+02 2.207643659299999950e+00 1.069289999999999997e-02
1.950000000000000000e+02 2.217633659300000115e+00 1.067339999999999955e-02
1.960000000000000000e+02 2.227613659300000215e+00 1.065359999999999918e-02
1.970000000000000000e+02 2.237583659299999805e+00 1.063350000000000059e-02
1.980000000000000000e+02 2.247563659299999905e+00 1.061310000000000031e-02
1.990000000000000000e+02 2.257533659299999940e+00 1.059240000000000008e-02
2.000000000000000000e+02 2.267513659300000040e+00 1.057130000000000049e-02
2.010000000000000000e+02 2.277483659300000074e+00 1.054989999999999921e-02
2.020000000000000000e+02 2.287443659300000043e+00 1.052819999999999971e-02
2.030000000000000000e+02 2.297413659300000077e+00 1.050620000000000026e-02
2.040000000000000000e+02 2.307373659300000046e+00 1.048390000000000086e-02
2.050000000000000000e+02 2.317333659300000015e+00 1.046120000000000036e-02
2.060000000000000000e+02 2.327293659299999984e+00 1.043829999999999932e-02
2.070000000000000000e+02 2.337243659299999887e+00 1.041500000000000065e-02
2.080000000000000000e+02 2.347203659299999856e+00 1.039140000000000029e-02
2.090000000000000000e+02 2.357153659300000204e+00 1.036749999999999998e-02
2.100000000000000000e+02 2.367093659300000041e+00 1.034329999999999972e-02
2.110000000000000000e+02 2.377043659299999945e+00 1.031870000000000009e-02
2.120000000000000000e+02 2.386993659299999848e+00 1.029380000000000052e-02
2.130000000000000000e+02 2.396933659300000130e+00 1.026870000000000040e-02
2.140000000000000000e+02 2.406873659299999968e+00 1.024319999999999918e-02
2.150000000000000000e+02 2.416803659300000184e+00 1.021739999999999975e-02
2.160000000000000000e+02 2.426743659300000022e+00 1.019119999999999922e-02
2.170000000000000000e+02 2.436673659299999795e+00 1.016479999999999988e-02
2.180000000000000000e+02 2.446603659300000011e+00 1.013799999999999944e-02
2.190000000000000000e+02 2.456533659299999783e+00 1.011090000000000079e-02
2.200000000000000000e+02 2.466453659299999934e+00 1.008350000000000045e-02
2.210000000000000000e+02 2.476383659300000151e+00 1.005580000000000016e-02
2.220000000000000000e+02 2.486303659299999858e+00 1.002779999999999991e-02
2.230000000000000000e+02 2.496223659300000008e+00 9.999400000000000302e-03
