313 0.36530253 0.0084188
312 0.37275752 0.0084188
311 0.38021251 0.0084188
310 0.38766751 0.00841881
309 0.3951225 0.0084188
308 0.40257749 0.0084188
307 0.41003248 0.00841986
306 0.41748747 0.00842092
305 0.42494246 0.00842197
304 0.43239745 0.00842303
303 0.43985244 0.00842408
302 0.44730744 0.00842515
301 0.45476243 0.0084262
300 0.46221742 0.00842725
299 0.46967241 0.00842831
298 0.4771274 0.00842937
297 0.48458239 0.00843042
296 0.49203738 0.00843148
295 0.49949237 0.00843253
294 0.50694737 0.0084336
293 0.51440236 0.00843465
292 0.52185735 0.0084357
291 0.52931234 0.00843676
290 0.5367953 0.00846947
289 0.54429539 0.00848992
288 0.55179549 0.008491
287 0.55929559 0.00849206
286 0.56679568 0.00849311
285 0.57429578 0.00849419
284 0.58179588 0.00849525
283 0.58929598 0.00849631
282 0.59679607 0.00849736
281 0.60429617 0.00849844
280 0.61179627 0.0084995
279 0.61929636 0.00850055
278 0.62679646 0.00850162
277 0.63428919 0.00849433
276 0.64174019 0.00844808
275 0.64919119 0.00844913
274 0.65664218 0.00845018
273 0.66409318 0.00845125
272 0.67154418 0.0084523
271 0.67899517 0.00845335
270 0.68644617 0.00845441
269 0.69389717 0.00845547
268 0.70134816 0.00845651
267 0.70879916 0.00845758
266 0.71625016 0.00845864
265 0.72370115 0.00845968
264 0.73115215 0.00846075
263 0.73860315 0.0084618
262 0.74605414 0.00846285
261 0.75350514 0.00846391
260 0.76095614 0.00846497
259 0.76840713 0.00846601
258 0.77585813 0.00846708
257 0.78330913 0.00846814
256 0.79076012 0.00846918
255 0.79821112 0.00847025
254 0.80566212 0.0084713
253 0.81311311 0.00847235
252 0.82056411 0.00847342
251 0.82801511 0.00847447
250 0.83546611 0.00847553
249 0.8429171 0.00847657
248 0.8503681 0.00847764
247 0.8578191 0.00847869
246 0.86527009 0.00847974
245 0.87272109 0.00848081
244 0.88017209 0.00848186
243 0.88762308 0.00848291
242 0.89507408 0.00848397
241 0.90252508 0.00848503
240 0.90997607 0.00848607
239 0.91742707 0.00848714
238 0.92487807 0.0084882
237 0.93232906 0.00848924
236 0.93978006 0.00849031
235 0.94723106 0.00849136
234 0.95468205 0.00849241
233 0.96213305 0.00849347
232 0.96958405 0.00849453
231 0.97703504 0.00849557
230 0.98448604 0.00849664
229 0.99193704 0.0084977
228 0.99938803 0.00849874
227 1.00683903 0.00849981
226 1.01429003 0.00850086
225 1.02174102 0.00850191
224 1.02919202 0.00850297
223 1.03664302 0.00850403
222 1.04409401 0.00850507
221 1.05154501 0.00850614
220 1.05899601 0.0085072
219 1.06644722 0.00850849
218 1.07389897 0.00851017
217 1.08135072 0.00851122
216 1.08880247 0.00851228
215 1.09625421 0.00851332
214 1.10370596 0.00851439
213 1.11115771 0.00851544
212 1.11860946 0.0085165
211 1.12606121 0.00851756
210 1.13351295 0.0085186
209 1.1409647 0.00851967
208 1.14841645 0.00852072
207 1.1558682 0.00852178
206 1.16331995 0.00852284
205 1.17077169 0.00852388
204 1.17822344 0.00852495
203 1.18567519 0.008526
202 1.19312694 0.00852706
201 1.20057869 0.00852811
200 1.20803043 0.00852916
199 1.21548218 0.00853023
198 1.22293393 0.00853128
197 1.23038568 0.00853234
196 1.23783743 0.00853339
195 1.24528917 0.00853444
194 1.25274092 0.0085355
193 1.26019267 0.00853656
192 1.26764442 0.00853762
191 1.27509617 0.00853867
190 1.28254791 0.00853972
189 1.28999966 0.00854078
188 1.29745141 0.00854184
187 1.30490316 0.0085429
186 1.31235491 0.00854395
185 1.31980665 0.008545
184 1.3272584 0.00854606
183 1.33471015 0.00854712
182 1.3421619 0.00854817
181 1.34961365 0.00854923
180 1.35706539 0.00855027
179 1.36451714 0.00855134
178 1.37196889 0.0085524
177 1.37942064 0.00855345
176 1.38687238 0.0085545
175 1.39432413 0.00855556
174 1.40177588 0.00855662
173 1.40922763 0.00855768
172 1.41667938 0.00855873
171 1.42413112 0.00855978
170 1.43158287 0.00856084
169 1.43903462 0.0085619
168 1.44648637 0.00856296
167 1.45393812 0.00856401
166 1.46138986 0.00856506
165 1.46884161 0.00856612
164 1.47629336 0.00856718
163 1.48374511 0.00856823
162 1.49119686 0.00856929
161 1.4986486 0.00857033
160 1.50610035 0.0085714
159 1.5135521 0.00857246
158 1.52100385 0.00857351
157 1.5284556 0.00857457
156 1.53590734 0.00857561
155 1.54335909 0.00857668
154 1.55081084 0.00857774
153 1.55826259 0.00857879
152 1.56571434 0.00857985
151 1.57316608 0.00858089
150 1.58061783 0.00858196
149 1.58806958 0.00858302
148 1.59552133 0.00858407
147 1.60297308 0.00858513
146 1.61042482 0.00858617
145 1.61787657 0.00858724
144 1.62532832 0.00858829
143 1.63278007 0.00858935
142 1.64023182 0.00859041
141 1.64768356 0.00859145
140 1.65513531 0.00859252
139 1.66258706 0.00859357
138 1.67003881 0.00859463
137 1.67749056 0.00859568
136 1.6849423 0.00859673
135 1.69239405 0.0085978
134 1.6998458 0.00859885
133 1.70729755 0.00859991
132 1.71474929 0.00860095
131 1.72220104 0.00860202
130 1.72965279 0.00860308
129 1.73710454 0.00860413
128 1.74455629 0.00860519
127 1.75200803 0.00860623
126 1.75945978 0.0086073
125 1.76691153 0.00860835
124 1.77436328 0.00860941
123 1.78181503 0.00861047
122 1.78926677 0.00861151
121 1.79671852 0.00861258
120 1.80417027 0.00861363
119 1.81162202 0.00861469
118 1.81907377 0.00861574
117 1.82652551 0.00861679
116 1.83397726 0.00861786
115 1.84142901 0.00861891
114 1.84888076 0.00861997
113 1.85633251 0.00862102
112 1.86378425 0.00862207
111 1.871236 0.00862314
110 1.87868775 0.00862419
109 1.8861395 0.00862525
108 1.89359125 0.0086263
107 1.90104299 0.00862735
106 1.90849474 0.00862841
105 1.91594649 0.00862947
104 1.92339824 0.00863053
103 1.93084999 0.00863158
102 1.93830173 0.00863263
101 1.94575348 0.00863369
100 1.95320523 0.00863475
99 1.96065698 0.00863581
98 1.96810873 0.00863686
97 1.97556047 0.00863791
96 1.98301222 0.00863897
95 1.99046397 0.00864003
94 1.99791572 0.00864108
93 2.00536746 0.00864213
92 2.01281921 0.0086432
91 2.02027096 0.00864425
90 2.02772271 0.00864531
89 2.03517446 0.00864636
88 2.0426262 0.00864741
87 2.05007795 0.00864847
86 2.0575297 0.00864953
85 2.06498145 0.00865059
84 2.0724332 0.00865164
83 2.07988494 0.00865269
82 2.08733669 0.00865375
81 2.09478844 0.00865481
80 2.10224019 0.00865587
79 2.10969194 0.00865692
78 2.11714368 0.00865797
77 2.12459543 0.00865903
76 2.13204718 0.00866009
75 2.13949893 0.00866114
74 2.14695068 0.0086622
73 2.15440242 0.00866324
72 2.16185417 0.00866431
71 2.16930592 0.00866537
70 2.17675767 0.00866642
69 2.18420942 0.00866748
68 2.19166116 0.00866852
67 2.19911291 0.00866959
66 2.20656466 0.00867065
65 2.21401641 0.0086717
64 2.22146816 0.00867276
63 2.2289199 0.0086738
62 2.23637165 0.00867487
61 2.2438234 0.00867593
60 2.25127515 0.00867698
59 2.2587269 0.00867804
58 2.26617864 0.00867908
57 2.27363039 0.00868015
56 2.28108214 0.0086812
55 2.28853389 0.00868226
54 2.29598564 0.00868332
53 2.30343738 0.00868436
52 2.31088913 0.00868543
51 2.31834088 0.00868648
50 2.32579263 0.00868754
49 2.33324437 0.00868858
48 2.34069612 0.00868965
47 2.34814787 0.00869071
46 2.35559962 0.00869176
45 2.36305137 0.00869282
44 2.37050311 0.00869386
43 2.37795486 0.00869493
42 2.38540661 0.00869599
41 2.39285836 0.00869704
40 2.40031011 0.0086981
39 2.40776185 0.00869914
38 2.4152136 0.00870021
37 2.42266535 0.00870126
36 2.4301171 0.00870232
35 2.43756885 0.00870338
34 2.44502059 0.00870442
33 2.45247234 0.00870549
32 2.45992409 0.00870654
31 2.46737584 0.0087076
30 2.47482759 0.00870865
29 2.48227933 0.0087097
28 2.48973108 0.00871077
27 2.49718283 0.00871182
26 2.50463458 0.00871288
