  383.688202 5.01
  388.695230 5.01
  393.702258 5.01
  398.709286 5.01
  403.716314 5.01
  408.723342 5.01
  413.730370 5.01
  418.737398 5.01
  423.744426 5.01
  428.751454 5.01
  433.758482 5.01
  438.765510 5.01
  443.772538 5.01
  448.779566 5.01
  453.786594 5.01
  458.793622 5.01
  463.800650 5.01
  468.807678 5.01
  473.814706 5.01
  478.821734 5.01
  483.828762 5.01
  488.835790 5.01
  493.842818 5.01
  498.849846 5.01
  503.856874 5.01
  508.863902 5.01
  513.870930 5.01
  518.877958 5.01
  523.884986 5.01
  528.892014 5.01
  533.899042 5.01
  538.906070 5.01
  543.913098 5.01
  548.920126 5.01
  553.927154 5.01
  558.934182 5.01
  563.941210 5.01
  568.948238 5.01
  573.955266 5.01
  578.962294 5.01
  583.969322 5.01
  588.976350 5.01
  593.983378 5.01
  598.990406 5.01
  603.997434 5.01
  609.004462 5.01
  614.011490 5.01
  619.018518 5.01
  624.025546 5.01
  629.032574 5.01
  634.039602 5.01
  639.046630 5.01
  644.053658 5.01
  649.060686 5.01
  654.067714 5.01
  659.074742 5.01
  664.081770 5.01
  669.088798 5.01
  674.095826 5.01
  679.102854 5.01
  684.109882 5.01
  689.116910 5.01
  694.123938 5.01
  699.130966 5.01
  704.137994 5.01
  709.145022 5.01
  714.152050 5.01
  719.159078 5.01
  724.166106 5.01
  729.173134 5.01
  734.180162 5.01
  739.187190 5.01
  744.194218 5.01
  749.201246 5.01
  754.208274 5.01
  759.215302 5.01
  764.222330 5.01
  769.229358 5.01
  774.236386 5.01
  779.243414 5.01
  784.250442 5.01
  789.257470 5.01
  794.264498 5.01
  799.271526 5.01
  804.278554 5.01
  809.285582 5.01
  814.292610 5.01
  819.299638 5.01
  824.306666 5.01
  829.313694 5.01
  834.320722 5.01
  839.327750 5.01
  844.334778 5.01
  849.341806 5.01
  854.348834 5.01
  859.355862 5.01
  864.362890 5.01
  869.369918 5.01
  874.376946 5.01
  879.383974 5.01
  884.391002 5.01
  889.398030 5.01
  894.405058 5.01
  899.412086 5.01
  904.419114 5.01
  909.426142 5.01
  914.433170 5.01
  919.440198 5.01
  924.447226 5.01
  929.454254 5.01
  934.461282 5.01
  939.468310 5.01
  944.475338 5.01
  949.482366 5.01
  954.489394 5.01
  959.496422 5.01
  964.503450 5.01
  969.510478 5.01
  974.517506 5.01
  979.524534 5.01
  984.531562 5.01
  989.538590 5.01
  994.545618 5.01
  999.552646 5.01
  1004.559674 5.01 
  1009.566702 5.01
  1014.573730 5.01
  1019.580758 5.01
  1024.587786 5.01
  1029.594814 5.01
  1034.601842 5.01
  1039.608870 5.01
  1044.615898 5.01
  1049.622926 5.01
  1054.629954 5.01
  1059.636982 5.01
  1064.644010 5.01
  1069.651038 5.01
  1074.658066 5.01
  1079.665094 5.01
  1084.672122 5.01
  1089.679150 5.01
  1094.686178 5.01
  1099.693206 5.01
  1104.700234 5.01
  1109.707262 5.01
  1114.714290 5.01
  1119.721318 5.01
  1124.728346 5.01
  1129.735374 5.01
  1134.742402 5.01
  1139.749430 5.01
  1144.756458 5.01
  1149.763486 5.01
  1154.770514 5.01
  1159.777542 5.01
  1164.784570 5.01
  1169.791598 5.01
  1174.798626 5.01
  1179.805654 5.01
  1184.812682 5.01
  1189.819710 5.01
  1194.826738 5.01
  1199.833766 5.01
  1204.840794 5.01
  1209.847822 5.01
  1214.854850 5.01
  1219.861878 5.01
  1224.868906 5.01
  1229.875934 5.01
  1234.882962 5.01
  1239.889990 5.01
  1244.897018 5.01
  1249.904046 5.01
  1254.911074 5.01
  1259.918102 5.01
  1264.925130 5.01
  1269.932158 5.01
  1274.939186 5.01
  1279.946214 5.01
  1284.953242 5.01
  1289.960270 5.01
  1294.967298 5.01
  1299.974326 5.01
  1304.981354 5.01
  1309.988382 5.01
  1314.995410 5.01
  1320.002438 5.01
  1325.009466 5.01
  1330.016494 5.01
  1335.023522 5.01
  1340.030550 5.01
  1345.037578 5.01
  1350.044606 5.01
  1355.051634 5.01
  1360.058662 5.01
  1365.065690 5.01
  1370.072718 5.01
  1375.079746 5.01
  1380.086774 5.01
  1385.093802 5.01
  1390.100830 5.01
  1395.107858 5.01
  1400.114886 5.01
  1405.121914 5.01
  1410.128942 5.01
  1415.135970 5.01
  1420.142998 5.01
  1425.150026 5.01
  1430.157054 5.01
  1435.164082 5.01
  1440.171110 5.01
  1445.178138 5.01
  1450.185166 5.01
  1455.192194 5.01
  1460.199222 5.01
  1465.206250 5.01
  1470.213278 5.01
  1475.220306 5.01
  1480.227334 5.01
  1485.234362 5.01
  1490.241390 5.01
  1495.248418 5.01
  1500.255446 5.01
  1505.262474 5.01
  1510.269502 5.01
  1515.276530 5.01
  1520.283558 5.01
  1525.290586 5.01
  1530.297614 5.01
  1535.304642 5.01
  1540.311670 5.01
  1545.318698 5.01
  1550.325726 5.01
  1555.332754 5.01
  1560.339782 5.01
  1565.346810 5.01
  1570.353838 5.01
  1575.360866 5.01
  1580.367894 5.01
  1585.374922 5.01
  1590.381950 5.01
  1595.388978 5.01
  1600.396006 5.01
  1605.403034 5.01
  1610.410062 5.01
  1615.417090 5.01
  1620.424118 5.01
  1625.431146 5.01
  1630.438174 5.01
  1635.445202 5.01
  1640.452230 5.01
  1645.459258 5.01
  1650.466286 5.01
  1655.473314 5.01
  1660.480342 5.01
  1665.487370 5.01
  1670.494398 5.01
  1675.501426 5.01
  1680.508454 5.01
  1685.515482 5.01
  1690.522510 5.01
  1695.529538 5.01
  1700.536566 5.01
  1705.543594 5.01
  1710.550622 5.01
  1715.557650 5.01
  1720.564678 5.01
  1725.571706 5.01
  1730.578734 5.01
  1735.585762 5.01
  1740.592790 5.01
  1745.599818 5.01
  1750.606846 5.01
  1755.613874 5.01
  1760.620902 5.01
  1765.627930 5.01
  1770.634958 5.01
  1775.641986 5.01
  1780.649014 5.01
  1785.656042 5.01
  1790.663070 5.01
  1795.670098 5.01
  1800.677126 5.01
  1805.684154 5.01
  1810.691182 5.01
  1815.698210 5.01
  1820.705238 5.01
  1825.712266 5.01
  1830.719294 5.01
  1835.726322 5.01
  1840.733350 5.01
  1845.740378 5.01
  1850.747406 5.01
  1855.754434 5.01
  1860.761462 5.01
  1865.768490 5.01
  1870.775518 5.01
  1875.782546 5.01
  1880.789574 5.01
  1885.796602 5.01
  1890.803630 5.01
  1895.810658 5.01
  1900.817686 5.01
  1905.824714 5.01
  1910.831742 5.01
  1915.838770 5.01
  1920.845798 5.01
  1925.852826 5.01
  1930.859854 5.01
  1935.866882 5.01
  1940.873910 5.01
  1945.880938 5.01
  1950.887966 5.01
  1955.894994 5.01
  1960.902022 5.01
  1965.909050 5.01
  1970.916078 5.01
  1975.923106 5.01
  1980.930134 5.01
  1985.937162 5.01
  1990.944190 5.01
  1995.951218 5.01
  2000.958246 5.01
  2005.965274 5.01
  2010.972302 5.01
  2015.979330 5.01
  2020.986358 5.01
  2025.993386 5.01
  2031.000414 5.01
  2036.007442 5.01
  2041.014470 5.01
  2046.021498 5.01
  2051.028526 5.01
  2056.035554 5.01
  2061.042582 5.01
  2066.049610 5.01
  2071.056638 5.01
  2076.063666 5.01
  2081.070694 5.01
  2086.077722 5.01
  2091.084750 5.01
  2096.091778 5.01
  2101.098806 5.01
  2106.105834 5.01
  2111.112862 5.01
  2116.119890 5.01
  2121.126918 5.01
  2126.133946 5.01
  2131.140974 5.01
  2136.148002 5.01
  2141.155030 5.01
  2146.162058 5.01
  2151.169086 5.01
  2156.176114 5.01
  2161.183142 5.01
  2166.190170 5.01
  2171.197198 5.01
  2176.204226 5.01
  2181.211254 5.01
  2186.218282 5.01
  2191.225310 5.01
  2196.232338 5.01
  2201.239366 5.01
  2206.246394 5.01
  2211.253422 5.01
  2216.260450 5.01
  2221.267478 5.01
  2226.274506 5.01
  2231.281534 5.01
  2236.288562 5.01
  2241.295590 5.01
  2246.302618 5.01
  2251.309646 5.01
  2256.316674 5.01
  2261.323702 5.01
  2266.330730 5.01
  2271.337758 5.01
  2276.344786 5.01
  2281.351814 5.01
  2286.358842 5.01
  2291.365870 5.01
  2296.372898 5.01
  2301.379926 5.01
  2306.386954 5.01
  2311.393982 5.01
  2316.401010 5.01
  2321.408038 5.01
  2326.415066 5.01
  2331.422094 5.01
  2336.429122 5.01
  2341.436150 5.01
  2346.443178 5.01
  2351.450206 5.01
  2356.457234 5.01
  2361.464262 5.01
  2366.471290 5.01
  2371.478318 5.01
  2376.485346 5.01
  2381.492374 5.01
  2386.499402 5.01
  2391.506430 5.01
  2396.513458 5.01
  2401.520486 5.01
  2406.527514 5.01
  2411.534542 5.01
  2416.541570 5.01
  2421.548598 5.01
  2426.555626 5.01
  2431.562654 5.01
  2436.569682 5.01
  2441.576710 5.01
  2446.583738 5.01
  2451.590766 5.01
  2456.597794 5.01
  2461.604822 5.01
  2466.611850 5.01
  2471.618878 5.01
  2476.625906 5.01
  2481.632934 5.01
  2486.639962 5.01
  2491.646990 5.01
  2496.654018 5.01
  2501.661046 5.01
  2506.668074 5.01
  2511.675102 5.01